---
Camera_A_id: 0
Camera_B_id: 1
FundamentalMatrix: [4.1505998354596e-006, -3.50983741658962e-006, -0.0182877181726742, 3.10581605102263e-006, -3.12685676576468e-006, 0.0144417780308918, -0.0176564150601805, 0.0162972318615087, 1]
reprojection_error: 0
epipolar_error: 3.73082026568326
...
---
Camera_A_id: 0
Camera_B_id: 2
FundamentalMatrix: [6.44557735493452e-007, 1.19496627929572e-005, -0.00384030511217151, -7.1207113184574e-007, -9.50365878712963e-007, -0.0320362244751963, 0.00146251522244274, 0.0238338166842118, 1]
reprojection_error: 0
epipolar_error: 2.40512570467862
...
---
Camera_A_id: 1
Camera_B_id: 2
FundamentalMatrix: [-1.20119945102001e-007, 2.69158695306086e-008, -0.00114512774966011, 1.82898625911071e-007, 9.78561783155058e-008, -0.000438074286502543, -0.00108350546265276, -0.000478192209994721, 1]
reprojection_error: 0
epipolar_error: 3.5872820073908
...
