---
CameraID: 0
Name: "Slim 13E #22610"
path: ~
R: [0.0333108594576135, -0.979585641214956, 0.198248223617966, 0.984554571571247, -0.00195019623522085, -0.175067108083733, 0.17187984826719, 0.201017830701975, 0.96439055859103]
r_vec_u: [0.0981942994925648, 0.0222148653655991, 0.00299355205181751]
T: [185.054658262598, 322.401223149596, 3653.87498496106]
T_u: [0.446514506897421, 1.24791379561869, 12.3095808767737]
f: [2531.13777309165, 2531.13777309165]
f_u: [25.7326998752223, 25.7326998752223]
c: [616.596842009338, 505.549875784107]
c_u: [1.23689516857767e-013, 8.23700662951166e-014]
distortion: [-0.328757469722957, -0.266966942276516, -0.00325012833153803, -0.00277225234907327]
distortion_uncertainty: [0.0206482489599848, 0.23219451833897, 0.00114804546342716, 0.00119939589854988]
centriod_loc_uncertainty: 0
sensor_size: [6.144, 4.9152]
pixel_size: [0.0048, 0.0048]
avg_reprojection_error: 0
imagelist:
  []
...
---
CameraID: 1
Name: "Slim 13E #22611"
path: ~
R: [0.0345251383966684, -0.998004001037437, 0.052877487950521, 0.984615024130489, 0.0248982563709571, -0.172954708193225, 0.171292933523857, 0.0580352543110884, 0.983509349310844]
r_vec_u: [0.056709619717924, 0.058627018848312, 0.0012389776288783]
T: [284.421410408773, 340.421936303628, 3632.60255391099]
T_u: [0.374385118082249, 0.560173502871073, 5.76310008781553]
f: [2381.76471981939, 2381.76471981939]
f_u: [20.0498706338276, 20.0498706338276]
c: [477.191530691386, 479.890750385501]
c_u: [1.08641349084573e-013, 8.48339704399395e-014]
distortion: [-0.267518415685459, -0.0821211530603158, 0.00075668497024166, 0.000764074010457275]
distortion_uncertainty: [0.0180944814421407, 0.129298397850996, 0.00109330543298267, 0.001225196312158]
centriod_loc_uncertainty: 0
sensor_size: [6.144, 4.9152]
pixel_size: [0.0048, 0.0048]
avg_reprojection_error: 0
imagelist:
  []
...
---
CameraID: 2
Name: "Slim 13E #22612"
path: ~
R: [0.0345251383966684, -0.998004001037437, 0.052877487950521, 0.984615024130489, 0.0248982563709571, -0.172954708193225, 0.171292933523857, 0.0580352543110884, 0.983509349310844]
r_vec_u: [0.056709619717924, 0.058627018848312, 0.0012389776288783]
T: [284.421410408773, 340.421936303628, 3632.60255391099]
T_u: [0.374385118082249, 0.560173502871073, 5.76310008781553]
f: [2385.76068229008, 2385.76068229008]
f_u: [23.5560699022741, 23.5560699022741]
c: [590.931072479143, 508.606748998939]
c_u: [0, 1.08641349084573e-013]
distortion: [-0.282791728130337, -0.262215617412328, -0.000826858822371695, 0.00319892034738466]
distortion_uncertainty: [0.0106624748599608, 0.0820850653199088, 0.00108622004073553, 0.000755573312605609]
centriod_loc_uncertainty: 0
sensor_size: [6.144, 4.9152]
pixel_size: [0.0048, 0.0048]
avg_reprojection_error: 0
imagelist:
  []
...
---
CameraID: 3
Name: "Slim 13E #22613"
path: ~
R: [0.0345251383966684, -0.998004001037437, 0.052877487950521, 0.984615024130489, 0.0248982563709571, -0.172954708193225, 0.171292933523857, 0.0580352543110884, 0.983509349310844]
r_vec_u: [0.056709619717924, 0.058627018848312, 0.0012389776288783]
T: [284.421410408773, 340.421936303628, 3632.60255391099]
T_u: [0.374385118082249, 0.560173502871073, 5.76310008781553]
f: [2483.21049332671, 2483.21049332671]
f_u: [14.7545846346743, 14.7545846346743]
c: [749.288556879735, 385.322500585592]
c_u: [1.42450426622875e-013, 3.48298219135522e-014]
distortion: [-0.373526047255407, 0.533305325494773, 0.00402142738185777, -0.00261352551321595]
distortion_uncertainty: [0.022185851540983, 0.203549219060447, 0.000726064428052937, 0.000770143082596048]
centriod_loc_uncertainty: 0
sensor_size: [6.144, 4.9152]
pixel_size: [0.0048, 0.0048]
avg_reprojection_error: 0
imagelist:
  []
...
---
CameraID: 4
Name: "Slim 13E #22614"
path: ~
R: [0.0345251383966684, -0.998004001037437, 0.052877487950521, 0.984615024130489, 0.0248982563709571, -0.172954708193225, 0.171292933523857, 0.0580352543110884, 0.983509349310844]
r_vec_u: [0.056709619717924, 0.058627018848312, 0.0012389776288783]
T: [284.421410408773, 340.421936303628, 3632.60255391099]
T_u: [0.374385118082249, 0.560173502871073, 5.76310008781553]
f: [2492.04167560779, 2492.04167560779]
f_u: [25.3396150645596, 25.3396150645596]
c: [513.882131236105, 502.88326566926]
c_u: [1.05900067005085e-013, 1.09311544055109e-013]
distortion: [-0.219375429776497, -0.299759935112879, -0.00492686217061632, -0.00692730138993443]
distortion_uncertainty: [0.0258823630670099, 0.137434239843234, 0.00137104938281106, 0.00176350629494308]
centriod_loc_uncertainty: 0
sensor_size: [6.144, 4.9152]
pixel_size: [0.0048, 0.0048]
avg_reprojection_error: 0
imagelist:
  []
...
---
CameraID: 5
Name: "Slim 13E #22615"
path: ~
R: [0.0333108594576135, -0.979585641214956, 0.198248223617966, 0.984554571571247, -0.00195019623522085, -0.175067108083733, 0.17187984826719, 0.201017830701975, 0.96439055859103]
r_vec_u: [0.0981942994925648, 0.0222148653655991, 0.00299355205181751]
T: [185.054658262598, 322.401223149596, 3653.87498496106]
T_u: [0.446514506897421, 1.24791379561869, 12.3095808767737]
f: [2450.09935427107, 2450.09935427107]
f_u: [36.9203390458789, 36.9203390458789]
c: [684.628487499825, 373.748615239075]
c_u: [1.83608423754875e-013, 9.62932902245919e-014]
distortion: [-0.326209784102123, 0.210395540318614, 0.0016768853766493, -0.00304117763397233]
distortion_uncertainty: [0.0162378247970162, 0.130254848540784, 0.000710103430805715, 0.00100814390709182]
centriod_loc_uncertainty: 0
sensor_size: [6.144, 4.9152]
pixel_size: [0.0048, 0.0048]
avg_reprojection_error: 0
imagelist:
  []
...
---
CameraID: 6
Name: "Slim 13E #22616"
path: ~
R: [0.0345251383966684, -0.998004001037437, 0.052877487950521, 0.984615024130489, 0.0248982563709571, -0.172954708193225, 0.171292933523857, 0.0580352543110884, 0.983509349310844]
r_vec_u: [0.056709619717924, 0.058627018848312, 0.0012389776288783]
T: [284.421410408773, 340.421936303628, 3632.60255391099]
T_u: [0.374385118082249, 0.560173502871073, 5.76310008781553]
f: [2520.15000886609, 2520.15000886609]
f_u: [15.6009611031213, 15.6009611031213]
c: [623.399353681401, 464.160427891499]
c_u: [1.72673210833691e-013, 8.48014285284915e-014]
distortion: [-0.4161186945263, 0.738244780091679, 0.00642102932550577, -0.00945909387539479]
distortion_uncertainty: [0.0259484777499452, 0.198544622562281, 0.00153480722630184, 0.00272384284873118]
centriod_loc_uncertainty: 0
sensor_size: [6.144, 4.9152]
pixel_size: [0.0048, 0.0048]
avg_reprojection_error: 0
imagelist:
  []
...
---
CameraID: 7
Name: "Slim 13E #22617"
path: ~
R: [0.0345251383966684, -0.998004001037437, 0.052877487950521, 0.984615024130489, 0.0248982563709571, -0.172954708193225, 0.171292933523857, 0.0580352543110884, 0.983509349310844]
r_vec_u: [0.056709619717924, 0.058627018848312, 0.0012389776288783]
T: [284.421410408773, 340.421936303628, 3632.60255391099]
T_u: [0.374385118082249, 0.560173502871073, 5.76310008781553]
f: [2412.38003745147, 2412.38003745147]
f_u: [26.059073283633, 26.059073283633]
c: [589.384644803061, 365.610947863865]
c_u: [1.72673210833691e-013, 5.35064878573598e-014]
distortion: [-0.363883977806176, 0.1762764195704, 0.00338313317225099, -0.00212156970145247]
distortion_uncertainty: [0.0124309827691518, 0.085316591356163, 0.00111227362260831, 0.000954475779769847]
centriod_loc_uncertainty: 0
sensor_size: [6.144, 4.9152]
pixel_size: [0.0048, 0.0048]
avg_reprojection_error: 0
imagelist:
  []
...