---
CameraID: 0
Name: "OptiTrack V120:SLIM #139492"
path: ~
R: [0.992366576474202, -0.0816378133203058, -0.0924329234263961, 0.0129641647867871, 0.814424453833441, -0.580124761951671, 0.122639750196468, 0.574498108294867, 0.809265973112281]
r_vec_u: [0.000736345102316317, 0.000919057437880279, 0.000259490349267542]
T: [-209.827483388328, -45.9380157090918, 1078.59261105777]
T_u: [0.0704690328959804, 0.0501573046846838, 0.432702624548004]
f: [1284.05627235191, 1284.05627235191]
f_u: [0.464427730814683, 0.464427730814683]
c: [314.441150097626, 250.499347708189]
c_u: [1.0192841498166e-013, 5.46557720275543e-014]
distortion: [-0.360596350747881, 0.338835334397903, -0.000161630188989238, -0.00256467575818993]
distortion_uncertainty: [0.00245632837623766, 0.0466770979478349, 7.63634065649342e-005, 0.000106492688386534]
centriod_loc_uncertainty: 0.1
sensor_size: [3.84, 2.88]
pixel_size: [0.006, 0.006]
avg_reprojection_error: 0
imagelist:
  []
...
---
CameraID: 1
Name: "OptiTrack V120:SLIM #139494"
path: ~
R: [-0.973426193263208, -0.0322617928458282, -0.226717054919724, -0.0279324061237384, -0.965906955442368, 0.257378192775132, -0.227291062202716, 0.256871427275256, 0.93933798118267]
r_vec_u: [0.00136432595003461, 0.00148139307337354, 0.000286700631205874]
T: [218.429077227946, 65.2208033535276, 1092.75645480091]
T_u: [0.0490294389878109, 0.0201258659690065, 0.353751848614436]
f: [1207.81481363797, 1207.81481363797]
f_u: [0.388869874765251, 0.388869874765251]
c: [346.174051164458, 262.926117344068]
c_u: [9.18042118774375e-014, 5.28987362502342e-014]
distortion: [-0.348734476291655, 0.24596814468183, 0.000388319526732624, -0.000393105163159392]
distortion_uncertainty: [0.00317674720579274, 0.0700698053393613, 0.000107772914762685, 0.000108852991081716]
centriod_loc_uncertainty: 0.1
sensor_size: [3.84, 2.88]
pixel_size: [0.006, 0.006]
avg_reprojection_error: 0
imagelist:
  []
...
---
CameraID: 2
Name: "OptiTrack V120:SLIM #139489"
path: ~
R: [-0.919376315971379, 0.10409937346728, 0.379355387565032, -0.00326492739902862, -0.966336457937685, 0.25726093817276, 0.393365644000559, 0.235281045781782, 0.888766729584234]
r_vec_u: [0.0016490439518217, 0.00177963011750452, 0.000390450928773888]
T: [190.281301117504, 55.46898523791, 1008.07638359277]
T_u: [0.0785616970072507, 0.0417401789983312, 0.456559838647237]
f: [1212.5740625439, 1212.5740625439]
f_u: [0.317517356486934, 0.317517356486934]
c: [332.819313096633, 264.286752142914]
c_u: [5.84882668716878e-014, 5.29500335025427e-014]
distortion: [-0.353207876413088, 0.219029891393404, -0.000413374884185197, 0.00121211934994347]
distortion_uncertainty: [0.00302394712994539, 0.0459936774093084, 8.82838460541643e-005, 7.72800838297945e-005]
centriod_loc_uncertainty: 0.1
sensor_size: [3.84, 2.88]
pixel_size: [0.006, 0.006]
avg_reprojection_error: 0
imagelist:
  []
...
---
CameraID: 3
Name: "OptiTrack V120:SLIM #139493"
path: ~
R: [0.921479111217266, 0.0274239654830235, -0.387458609024787, 0.0566085528245308, 0.977372958620676, 0.203807682642681, 0.384280781899576, -0.209737993397127, 0.899076334238866]
r_vec_u: [0.00124343042208433, 0.00151999004880926, 0.000267242770485198]
T: [-182.713740126497, -71.007602280107, 1056.93922774005]
T_u: [0.0608799991058195, 0.0276221927722665, 0.290967453070584]
f: [1289.06070202668, 1289.06070202668]
f_u: [0.540101836791957, 0.540101836791957]
c: [310.925940633215, 238.018750423865]
c_u: [6.33253903991172e-014, 4.14209867380586e-014]
distortion: [-0.343223086067057, 0.220308806275467, -0.00074026627305737, -0.00131376814481165]
distortion_uncertainty: [0.00175711901171618, 0.0350477295278499, 0.000103712171232489, 0.000106126081730165]
centriod_loc_uncertainty: 0.1
sensor_size: [3.84, 2.88]
pixel_size: [0.006, 0.006]
avg_reprojection_error: 0
imagelist:
  []
...
---
CameraID: 4
Name: "OptiTrack V120:SLIM #139490"
path: ~
R: [-0.991987937498926, -0.0642158210745451, 0.108794577899582, -0.00490054285551579, -0.840967803949204, -0.541062969903296, 0.126237540123164, -0.537261092062859, 0.833915224959395]
r_vec_u: [0.00169149982621824, 0.00123012731127256, 0.00043495150275766]
T: [219.613643364135, 67.5516762548857, 1171.84110172747]
T_u: [0.0453868245842058, 0.0589138760678418, 0.27160658851982]
f: [1251.29992931243, 1251.29992931243]
f_u: [0.34671834313413, 0.34671834313413]
c: [337.107340022659, 271.289501944128]
c_u: [5.84882668716878e-014, 0]
distortion: [-0.344135473182397, 0.150211860152524, 0.00092029886996714, 0.000498379846798892]
distortion_uncertainty: [0.00161760421620638, 0.0216887277741877, 6.19467570056286e-005, 7.90712832605202e-005]
centriod_loc_uncertainty: 0.1
sensor_size: [3.84, 2.88]
pixel_size: [0.006, 0.006]
avg_reprojection_error: 0
imagelist:
  []
...
---
CameraID: 5
Name: "OptiTrack V120:SLIM #139491"
path: ~
R: [0.974694982019393, -0.0440205876637313, 0.219161766483015, -0.00576378278204452, 0.975143355753819, 0.221499919948569, -0.223464697064787, -0.217158061307704, 0.950213610497567]
r_vec_u: [0.000811265659593874, 0.00112453671745668, 0.000225138701621305]
T: [-209.523635936429, -61.6357237100115, 1137.62720946729]
T_u: [0.0531171705963859, 0.0326856249900909, 0.227306873165584]
f: [1295.27958849247, 1295.27958849247]
f_u: [0.266839085732709, 0.266839085732709]
c: [301.515163790857, 237.776666961548]
c_u: [6.33253903991172e-014, 5.43206745422866e-014]
distortion: [-0.344599122689812, 0.198887636640636, 0.000245895072961245, -0.00249693368568029]
distortion_uncertainty: [0.00131266739184493, 0.0219341115055793, 5.45030190775298e-005, 4.12425236901376e-005]
centriod_loc_uncertainty: 0.1
sensor_size: [3.84, 2.88]
pixel_size: [0.006, 0.006]
avg_reprojection_error: 0
imagelist:
  []
...
