---
CameraID: 0
Name: "OptiTrack V120:SLIM #139494"
path: ~
R: [-0.911489074551581, -0.0325639398692805, -0.410033238644495, -0.0522365978525739, -0.979625669728031, 0.193919790260546, -0.407993878407375, 0.198174511555083, 0.891217065675929]
r_vec_u: [0.00739567738761859, 0.00601688105371291, 0.0023495036656014]
T: [-34.568194316511, 117.812207061767, 1186.26285658949]
T_u: [0.144840926928849, 0.0767025980983719, 1.13354906466067]
f: [1296.17461562046, 1296.17461562046]
f_u: [4.28273112038165, 4.28273112038165]
c: [461.061058504711, 225.550754929627]
c_u: [6.74900376570603e-014, 6.92381107270621e-014]
distortion: [-0.30895955665299, 0.118025224039585, -0.00347342661517302, -0.00488269391608535]
distortion_uncertainty: [0.00485657762132341, 0.0204466338633594, 0.000259932365213406, 0.000555166218282362]
centriod_loc_uncertainty: 0.1
sensor_size: [3.84, 2.88]
pixel_size: [0.006, 0.006]
avg_reprojection_error: 0
imagelist:
  []
...
---
CameraID: 1
Name: "OptiTrack V120:SLIM #139492"
path: ~
R: [0.996977423838771, -0.0646772138721925, 0.0430450271406423, 0.0776423639873358, 0.849202578444955, -0.522328100026121, -0.00277122180022112, 0.524091441227741, 0.851657490756445]
r_vec_u: [0.00314748726970439, 0.00316363503569309, 0.000967864092467003]
T: [-39.4869178357686, -143.549102337611, 1223.16391257074]
T_u: [0.0564095967285568, 0.243330921980148, 1.38377622754807]
f: [1303.67778186604, 1303.67778186604]
f_u: [4.72914111725791, 4.72914111725791]
c: [255.91342424968, 293.788278432772]
c_u: [3.37450188285301e-014, 5.4816987704878e-014]
distortion: [-0.350835394546469, 0.38374932809296, 0.00930616521683692, 0.00603352900248404]
distortion_uncertainty: [0.00550844789571186, 0.0461771359172639, 0.000962865442567619, 0.000184495203506963]
centriod_loc_uncertainty: 0.1
sensor_size: [3.84, 2.88]
pixel_size: [0.006, 0.006]
avg_reprojection_error: 0
imagelist:
  []
...
---
CameraID: 2
Name: "OptiTrack V120:SLIM #139489"
path: ~
R: [-0.97638264418804, 0.0801221743137013, 0.200642391611585, -0.0440670889037619, -0.983024020503966, 0.178106335619389, 0.211506557354423, 0.16505820880969, 0.963338343418664]
r_vec_u: [0.00638682261412757, 0.0074272747773353, 0.00091704165214316]
T: [59.2805205871831, 96.2460725667738, 1172.75656522753]
T_u: [0.116844346256214, 0.145961637423674, 1.25874876908725]
f: [1236.34630486102, 1236.34630486102]
f_u: [1.01638353040408, 1.01638353040408]
c: [372.728373145766, 235.802347339284]
c_u: [6.80077199459246e-014, 6.79915716095375e-014]
distortion: [-0.336746069866366, 0.306094306804162, -0.00674347261859362, -0.00757846304032797]
distortion_uncertainty: [0.00363670350454599, 0.038572847131464, 0.000182700699200881, 0.000135952753938655]
centriod_loc_uncertainty: 0.1
sensor_size: [3.84, 2.88]
pixel_size: [0.006, 0.006]
avg_reprojection_error: 0
imagelist:
  []
...
---
CameraID: 3
Name: "OptiTrack V120:SLIM #139493"
path: ~
R: [0.977039228935687, 0.0388682272013567, -0.209484142681451, 0.00295646691543979, 0.980651060241075, 0.195741557548295, 0.213038973955792, -0.191866513394804, 0.958019643125121]
r_vec_u: [0.00406256090910044, 0.0049195128863513, 0.000748430566070412]
T: [-68.0164390403498, -146.553477799792, 1222.23160904058]
T_u: [0.114938851570939, 0.128379417064062, 0.671153443354092]
f: [1292.29107947029, 1292.29107947029]
f_u: [3.59223020399041, 3.59223020399041]
c: [276.204184798948, 271.389840398]
c_u: [5.29500335025427e-014, 5.28987362502342e-014]
distortion: [-0.324414753268459, -0.0384589986621321, 0.00310626119123319, 0.00358531054211017]
distortion_uncertainty: [0.00572924879761254, 0.0460462570157496, 0.000292437171944061, 0.000259581750205132]
centriod_loc_uncertainty: 0.1
sensor_size: [3.84, 2.88]
pixel_size: [0.006, 0.006]
avg_reprojection_error: 0
imagelist:
  []
...
---
CameraID: 4
Name: "OptiTrack V120:SLIM #139490"
path: ~
R: [-0.998576730705372, -0.0363812518824134, -0.0389989410784261, 0.0513344792497644, -0.853973547404762, -0.517777897918675, -0.014466655934447, -0.519042950866684, 0.854625725696155]
r_vec_u: [0.00552297776473109, 0.00538417047172695, 0.00255412058437853]
T: [27.6061534077227, 115.49496356, 1334.96857935969]
T_u: [0.139155852326009, 0.304261208300855, 2.03984613376198]
f: [1260.34107649065, 1260.34107649065]
f_u: [3.77155100749509, 3.77155100749509]
c: [418.356700393795, 222.082864071685]
c_u: [5.08154503734003e-014, 3.91345248276669e-014]
distortion: [-0.321857531828928, -0.0241415840805814, 0.00324825733276138, -0.00225597341218375]
distortion_uncertainty: [0.0034691852370971, 0.0216572979596887, 0.000412543273345664, 0.000102987773446025]
centriod_loc_uncertainty: 0.1
sensor_size: [3.84, 2.88]
pixel_size: [0.006, 0.006]
avg_reprojection_error: 0
imagelist:
  []
...
---
CameraID: 5
Name: "OptiTrack V120:SLIM #139491"
path: ~
R: [0.921852922901594, -0.0703674913315067, 0.381097893856025, -0.00445256195061348, 0.981389085840653, 0.191978219819133, -0.387514339386124, -0.178672545055355, 0.904383081671466]
r_vec_u: [0.00502770511376512, 0.00462171067405638, 0.001059493807148]
T: [32.7359040638258, -160.056500669715, 1226.90160692164]
T_u: [0.149736683528924, 0.254609842485249, 1.59608432972071]
f: [1285.9557644009, 1285.9557644009]
f_u: [1.57975040544475, 1.57975040544475]
c: [189.568984742346, 311.469878938279]
c_u: [8.21209617232705e-015, 1.0192841498166e-013]
distortion: [-0.304688096283672, 0.0478186431001436, 0.000872473550124941, 0.00112623904724296]
distortion_uncertainty: [0.00393391328938593, 0.0352647424089961, 0.000346846323867536, 0.000275635615832542]
centriod_loc_uncertainty: 0.1
sensor_size: [3.84, 2.88]
pixel_size: [0.006, 0.006]
avg_reprojection_error: 0
imagelist:
  []
...
