---
CameraID: 0
Name: "OptiTrack V120:SLIM #139494"
path: ~
R: [0.0104707600804339, -0.999657164935033, -0.0239982452981687, 0.992796383092417, 0.00752827472496461, 0.119577032904652, -0.119355372321286, -0.0250774335552613, 0.992534844438385]
r_vec_u: [0.00395595562050011, 0.00367374715482975, 0.000317236874577938]
T: [169.293516798751, -121.253072169119, 1550.87295948576]
T_u: [0.0485928464435922, 0.0648080688198963, 0.491124278691506]
f: [1318.54461487951, 1318.54461487951]
f_u: [1.25265397340762, 1.25265397340762]
c: [299.341721439235, 242.840337896467]
c_u: [5.4816987704878e-014, 6.67172966850335e-014]
distortion: [-0.306334766844218, -0.411381379540805, 0.00172843205953455, 0.0012405346378389]
distortion_uncertainty: [0.00761468189951461, 0.219082581845183, 0.000200188040451662, 0.00022108470927728]
centriod_loc_uncertainty: 0.1
sensor_size: [3.84, 2.88]
pixel_size: [0.006, 0.006]
avg_reprojection_error: 0
imagelist:
  []
...
---
CameraID: 1
Name: "OptiTrack V120:SLIM #139492"
path: ~
R: [0.145796721627125, 0.949119433158051, -0.279133691202839, -0.926268645502634, 0.0318482920677959, -0.375515755529752, -0.347519369706926, 0.313301752140175, 0.883782948344443]
r_vec_u: [0.00180650756139428, 0.00156453956863755, 0.000415681939842248]
T: [-347.38841035178, 126.324908556614, 1606.90085705409]
T_u: [0.102048623008815, 0.0475132179631828, 0.584131161548237]
f: [1303.59482412837, 1303.59482412837]
f_u: [1.49145743726176, 1.49145743726176]
c: [340.223581238777, 257.585227869455]
c_u: [1.0192841498166e-013, 4.07390725358451e-014]
distortion: [-0.439876167927046, 1.1027974110235, 0.0057198991419985, -0.00225905381514144]
distortion_uncertainty: [0.00407962980456536, 0.0428906807769667, 0.000259077326681505, 0.000311931778894909]
centriod_loc_uncertainty: 0.1
sensor_size: [3.84, 2.88]
pixel_size: [0.006, 0.006]
avg_reprojection_error: 0
imagelist:
  []
...
---
CameraID: 2
Name: "OptiTrack V120:SLIM #139489"
path: ~
R: [-0.0716158310507378, -0.898123506460652, 0.43387249265854, 0.996050972889498, -0.0415112785802342, 0.0784810369230542, -0.052475062160952, 0.437779603103499, 0.897549657098562]
r_vec_u: [0.00801565754645507, 0.0103230349609807, 0.00123631774842039]
T: [403.169940203387, -172.36771117268, 1548.40542571922]
T_u: [0.795763649081813, 0.295211476507253, 4.00370956821148]
f: [1263.41422758989, 1263.41422758989]
f_u: [1.29458855589481, 1.29458855589481]
c: [300.157345435902, 257.419581962926]
c_u: [6.33253903991172e-014, 6.18447584288833e-014]
distortion: [-0.435795774278998, 1.88482430520642, -0.00182614220020278, -0.000665882198453467]
distortion_uncertainty: [0.00757143381625815, 0.0857415431829841, 0.000382686584808035, 0.000182133385688367]
centriod_loc_uncertainty: 0.1
sensor_size: [3.84, 2.88]
pixel_size: [0.006, 0.006]
avg_reprojection_error: 0
imagelist:
  []
...
